Mean baseline:
Train_losses: [3.360061634889981, 3.251838282856703, 3.1792557339275738, 2.9993633223287812, 2.7656305119415365, 2.564800302991983, 2.3631343056476712, 2.195858228866227, 2.051629770461686, 1.9078992183713617, 1.7788704735064795, 1.639206239890795, 1.497453586292653, 1.3568876283532374, 1.2296882206611788, 1.1021269646733396, 0.9978723405343801, 0.9128343374462102, 0.8487577149581652, 0.8028940765159494, 0.7733393627622349, 0.7540516423792974, 0.742589933026014, 0.73262622578424, 0.7262923250153319, 0.7218803194692099, 0.7190245507378006, 0.7170157271679918, 0.7143641719129565, 0.7137472189550619]
Val_accuracies: [9.43396282196045, 9.562453269958496, 13.248123168945312, 16.31162452697754, 20.247514724731445, 28.64002227783203, 31.20308494567871, 33.97578811645508, 36.90403747558594, 35.477108001708984, 41.84756851196289, 37.51944351196289, 42.361534118652344, 44.620277404785156, 42.61851501464844, 32.75850296020508, 42.6388053894043, 42.54412841796875, 43.08514404296875, 43.96429443359375, 43.86961364746094, 43.2474479675293, 44.4444465637207, 44.27537536621094, 44.2280387878418, 44.4309196472168, 44.796104431152344, 45.0057487487793, 44.762290954589844, 44.85696792602539]

Abs diff baseline:
Train_losses: [2.994022475241328, 2.502231088566233, 2.2734650532726333, 2.1041960561806374, 1.983224172823825, 1.8739062974005736, 1.7823849113685721, 1.6906750918078197, 1.5965338646158997, 1.5017947087242858, 1.3999015969625208, 1.296641399664113, 1.1903252717454424, 1.0804922616111765, 0.9837976928986357, 0.9078307924000358, 0.8452025353506348, 0.8018873188337977, 0.7707072407127875, 0.7477276957469431, 0.7333385620200843, 0.7233917103444355, 0.7148689351744658, 0.7092051175441819, 0.7051251560409381, 0.7015696215404351, 0.6995246716034718, 0.6979958818830782, 0.6970234740922647, 0.69569080424534]
Val_accuracies: [25.042264938354492, 33.854061126708984, 39.974300384521484, 39.724082946777344, 39.805233001708984, 46.006629943847656, 49.03631591796875, 45.4926643371582, 53.614662170410156, 53.2224235534668, 53.72286605834961, 48.7252311706543, 52.20125961303711, 51.673770904541016, 49.09041976928711, 51.36944580078125, 51.552040100097656, 53.263004302978516, 54.865760803222656, 55.880165100097656, 55.59613037109375, 57.1583137512207, 56.8539924621582, 56.8066520690918, 56.3467903137207, 56.90809631347656, 56.691688537597656, 56.779605865478516, 56.63082504272461, 56.745792388916016]

Rel diff baseline
Train_losses: [2.824556385779027, 2.329833013969555, 2.100566813820287, 1.9401581977543079, 1.816001808434202, 1.7130139271418254, 1.6270150732897555, 1.5498463951463481, 1.4665680246958044, 1.3958504692262965, 1.3144483508368736, 1.2385427445052606, 1.151938315827837, 1.0693487303781446, 0.9855396326093377, 0.9114403623318382, 0.8486804281651732, 0.8024171296401545, 0.7662859177782468, 0.7422903333759179, 0.7254372389532133, 0.7148387656520735, 0.7070773251143544, 0.7015707354474807, 0.6969710797594305, 0.6938841348556694, 0.6924085112718436, 0.6901389993475838, 0.6895694624878939, 0.6887277838511344]
Val_accuracies: [25.63738441467285, 21.44451332092285, 38.04016876220703, 44.23480224609375, 42.070735931396484, 51.572330474853516, 52.71522521972656, 51.28829574584961, 56.25887680053711, 58.44322967529297, 58.11861801147461, 55.8260612487793, 55.3661994934082, 58.625823974609375, 59.504974365234375, 57.002769470214844, 60.28944396972656, 58.99776840209961, 60.64110565185547, 61.64198684692383, 62.0950813293457, 62.933658599853516, 62.6901969909668, 62.82545471191406, 63.33941650390625, 63.08243942260742, 63.32589340209961, 63.42733383178711, 63.41381072998047, 63.474674224853516]